%YAML:1.0

#--------------------------------------------------------------------------------------------
# Camera Parameters. Adjust them!
#--------------------------------------------------------------------------------------------
File.version: "1.0"

Camera.type: "PinHole"

# Left Camera calibration and distortion parameters (OpenCV) 
Camera1.fx: 424.2517091167281
Camera1.fy: 424.2517091167281
Camera1.cx: 324.4187812805176
Camera1.cy: 246.3939075469971

# Distortion parameters
Camera1.k1: 0.0
Camera1.k2: 0.0
Camera1.p1: 0.0
Camera1.p2: 0.0

# Right Camera calibration and distortion parameters (OpenCV)
Camera2.fx: 424.2517091167281
Camera2.fy: 424.2517091167281
Camera2.cx: 324.4187812805176
Camera2.cy: 246.3939075469971

# Distortion parameters
Camera2.k1: 0.0
Camera2.k2: 0.0
Camera2.p1: 0.0
Camera2.p2: 0.0

# Stereo Baseline times fx
Stereo.bf: 27.0049788226974 # 0.06365319983 * 424.2517091167281
    
# Transformation matrix from right camera to left camera
Stereo.T_c1_c2: !!opencv-matrix
  rows: 4
  cols: 4
  dt: f
  data: [1.0, 0.0, 0.0, 27.0049788226974,
         0.0, 1.0, 0.0, 0.0,
         0.0, 0.0, 1.0, 0.0,
         0.0, 0.0, 0.0, 1.0]

# Overlapping area between images (to be updated)
Camera1.overlappingBegin: 0
Camera1.overlappingEnd: 640

Camera2.overlappingBegin: 0
Camera2.overlappingEnd: 640

# Camera resolution
Camera.width: 640
Camera.height: 480

# Camera frames per second 
Camera.fps: 30

# Color order of the images (0: BGR, 1: RGB. It is ignored if images are grayscale)
Camera.RGB: 1

# Close/Far threshold. Baseline times.
Stereo.ThDepth: 40.0

#--------------------------------------------------------------------------------------------
# IMU Parameters
#--------------------------------------------------------------------------------------------

# Transformation from body-frame (imu) to left camera
IMU.T_b_c1: !!opencv-matrix
   rows: 4
   cols: 4
   dt: f
   data: [-0.03987661941147705, -0.9991937513396911, 0.004658595069909732, -0.03539100333504676,
          0.025758046347625907, -0.005688704294603247, -0.9996520203009645, -0.022095745819501567,
          0.9988725535686039, -0.03974274684973017, 0.025964125253366416, -0.5437651322484358,
          0.0, 0.0, 0.0, 1.0]

# Do not insert KFs when recently lost
IMU.InsertKFsWhenLost: 0

# IMU noise
IMU.NoiseGyro: 6.981e-05 # rad/s^0.5
IMU.NoiseAcc: 6.0e-05 # m/s^1.5
IMU.GyroWalk: 1.939e-05 # rad/s^1.5
IMU.AccWalk: 1.5e-05 # m/s^2.5
IMU.Frequency: 400.0

#--------------------------------------------------------------------------------------------
# ORB Parameters
#--------------------------------------------------------------------------------------------

# ORB Extractor: Number of features per image
ORBextractor.nFeatures: 500 # Tested with 1250

# ORB Extractor: Scale factor between levels in the scale pyramid 	
ORBextractor.scaleFactor: 1.2

# ORB Extractor: Number of levels in the scale pyramid	
ORBextractor.nLevels: 8

# ORB Extractor: Fast threshold
# Image is divided in a grid. At each cell FAST are extracted imposing a minimum response.
# Firstly we impose iniThFAST. If no corners are detected we impose a lower value minThFAST
# You can lower these values if your images have low contrast			
ORBextractor.iniThFAST: 15
ORBextractor.minThFAST: 7

#--------------------------------------------------------------------------------------------
# Viewer Parameters
#--------------------------------------------------------------------------------------------
Viewer.KeyFrameSize: 0.05
Viewer.KeyFrameLineWidth: 1.0
Viewer.GraphLineWidth: 0.9
Viewer.PointSize: 2.0
Viewer.CameraSize: 0.08
Viewer.CameraLineWidth: 3.0
Viewer.ViewpointX: 0.0
Viewer.ViewpointY: -0.7
Viewer.ViewpointZ: -3.5
Viewer.ViewpointF: 500.0
Viewer.imageViewScale: 2.0